     0     1
     1     1
     2     1
     3     1
     4     1
     5     1
     6     1
     7     2
     8     2
     9     2
    10     2
    11     2
    12     2
    13     2
    14     2
    15     2
    16     2
    17     2
    18     3
    19     3
    20     3
    21     3
    22     3
    23     3
    24     3
    25     4
    26     4
    27     4
    28     4
    29     4
    30     4
    31     4
    32     4
    33     5
    34     5
    35     5
    36     5
    37     5
    38     5
    39     5
    40     5
    41     6
    42     6
    43     6
    44     6
    45     6
    46     6
    47     6
    48     6
    49     6
    50     6
    51     6
    52     7
    53     7
    54     7
    55     7
    56     7
    57     7
    58     7
    59     8
    60     8
    61     8
    62     8
    63     8
    64     8
    65     8
    66     8
    67     9
    68     9
    69     9
    70     9
    71     9
    72     9
    73     9
    74     9
    75     9
    76     9
    77    10
    78    10
    79    10
    80    10
    81    10
    82    10
    83    10
    84    10
    85    10
    86    10
    87    10
    88    10
    89    10
    90    11
    91    11
    92    11
    93    11
    94    11
    95    11
    96    12
    97    12
    98    12
    99    12
   100    12
   101    12
   102    12
   103    13
   104    13
   105    13
   106    13
   107    13
   108    13
   109    13
   110    13
   111    14
   112    14
   113    14
   114    14
   115    14
   116    14
   117    14
   118    14
   119    15
   120    15
   121    15
   122    15
   123    15
   124    15
   125    15
   126    16
   127    16
   128    16
   129    16
   130    16
   131    16
   132    16
   133    17
   134    17
   135    17
   136    17
   137    17
   138    17
   139    17
   140    18
   141    18
   142    18
   143    18
   144    18
   145    18
   146    18
   147    18
   148    18
   149    19
   150    19
   151    19
   152    19
   153    19
   154    19
   155    19
   156    19
   157    19
   158    19
   159    19
   160    19
   161    20
   162    20
   163    20
   164    20
   165    20
   166    20
   167    20
   168    20
   169    20
   170    20
   171    20
   172    21
   173    21
   174    21
   175    21
   176    21
   177    21
   178    21
   179    21
   180    22
   181    22
   182    22
   183    22
   184    22
   185    22
   186    22
   187    22
   188    23
   189    23
   190    23
   191    23
   192    23
   193    23
   194    23
   195    23
   196    24
   197    24
   198    24
   199    24
   200    24
   201    24
   202    24
   203    25
   204    25
   205    25
   206    25
   207    25
   208    25
   209    25
   210    25
   211    26
   212    26
   213    26
   214    26
   215    26
   216    26
   217    26
   218    26
   219    26
   220    27
   221    27
   222    27
   223    27
   224    27
   225    27
   226    27
   227    27
   228    27
   229    27
   230    27
   231    28
   232    28
   233    28
   234    28
   235    28
   236    28
   237    28
   238    28
   239    28
   240    28
   241    29
   242    29
   243    29
   244    29
   245    29
   246    29  
   247    29
   248    29
   249    29
   250    29
   251    30
   252    30
   253    30
   254    30
   255    30
   256    30
   257    30
   258    30
   259    30
   260    31
   261    31
   262    31
   263    31
   264    31
   265    31
   266    31
   267    31
   268    31
   269    32
   270    32
   271    32
   272    32
   273    32
   274    32
   275    32
   276    32
   277    32
   278    32
   279    32
   280    33
   281    33
   282    33
   283    33
   284    33
   285    33
   286    33
   287    33
   288    34
   289    34
   290    34
   291    34
   292    34
   293    34
   294    34
   295    34
   296    34
   297    34
   298    34
   299    34
   300    34
   301    34
   302    34
   303    34
   304    34
   305    34
   306    34
   307    34
   308    34